-4.028863608837127686e-01 -3.316836655139923096e-01 -7.339451313018798828e-01 -4.411666393280029297e-01 -3.089255988597869873e-01 7.087781429290771484e-01 8.261117152869701385e-03 2.686640620231628418e-01 -6.308173537254333496e-01 1.892583370208740234e-01
4.335706830024719238e-01 6.036021187901496887e-02 4.065429568290710449e-01 3.793499767780303955e-01 -1.156959533691406250e+00 2.731395363807678223e-01 1.828211396932601929e-01 -2.027828544378280640e-01 3.085907101631164551e-01 -3.354533612728118896e-01
-8.597158193588256836e-01 1.953137964010238647e-01 -1.870868057012557983e-01 -2.722843289375305176e-01 -1.139257192611694336e+00 3.876021504402160645e-01 3.227395117282867432e-01 5.332056879997253418e-01 -2.179509699344635010e-01 -2.503921091556549072e-01
9.136161208152770996e-02 -3.855003118515014648e-01 -1.277174353599548340e-01 1.383412182331085205e-01 7.862562686204910278e-02 2.478675842285156250e-01 4.528358280658721924e-01 -5.450274348258972168e-01 2.557092308998107910e-01 -3.194335401058197021e-01
-1.495423167943954468e-01 5.295839905738830566e-01 5.554532408714294434e-01 2.550294101238250732e-01 4.814229533076286316e-02 -6.353994011878967285e-01 -2.272513210773468018e-01 5.540773272514343262e-01 -2.419687062501907349e-01 -1.350869655609130859e+00
3.379960358142852783e-01 -1.198142543435096741e-01 -1.077154636383056641e+00 1.853526532649993896e-01 3.972268700599670410e-01 1.470386236906051636e-01 2.110564410686492920e-01 -3.878527879714965820e-01 2.482300847768783569e-01 1.816691458225250244e-01
-1.186169404536485672e-02 2.073573693633079529e-02 2.638337314128875732e-01 3.535934984683990479e-01 3.959715664386749268e-01 3.613608777523040771e-01 -5.698913335800170898e-01 -3.865306377410888672e-01 2.767392098903656006e-01 -4.602046012878417969e-01
4.609622657299041748e-01 -2.275691330432891846e-01 1.602315455675125122e-01 -4.959311485290527344e-01 4.577223360538482666e-01 2.264611721038818359e-01 -4.403515160083770752e-01 2.502653300762176514e-01 -2.391248494386672974e-01 2.757091224193572998e-01
1.405332684516906738e-01 -4.671119749546051025e-01 2.568853199481964111e-01 -5.908958315849304199e-01 -5.422242879867553711e-01 3.205689489841461182e-01 3.327897489070892334e-01 -1.522880345582962036e-01 3.600438535213470459e-01 -8.912357687950134277e-02
-3.572252094745635986e-01 -3.753216266632080078e-01 -4.907810986042022705e-01 2.908439934253692627e-01 2.411022335290908813e-01 1.968141049146652222e-01 -3.900170922279357910e-01 3.418261706829071045e-01 2.769958078861236572e-01 2.651050686836242676e-01
2.976687848567962646e-01 -4.882686436176300049e-01 -1.543439924716949463e-01 -4.389706999063491821e-03 4.971085488796234131e-01 -2.120709568262100220e-01 4.406684041023254395e-01 -2.154237031936645508e-01 7.369615137577056885e-02 3.285994231700897217e-01
-8.070700764656066895e-01 1.146334186196327209e-01 1.108308881521224976e-01 -5.172220468521118164e-01 8.006299138069152832e-01 -8.160502463579177856e-02 -3.778495192527770996e-01 6.743519306182861328e-01 3.832122981548309326e-01 -8.053956031799316406e-01
2.743445634841918945e-01 2.524539530277252197e-01 3.637551963329315186e-01 2.282255440950393677e-01 -8.177551031112670898e-01 2.688940167427062988e-01 -1.175740659236907959e-01 2.898803353309631348e-01 -1.142291948199272156e-01 -2.860866785049438477e-01
4.537899494171142578e-01 -3.834539651870727539e-01 2.578980624675750732e-01 1.669612079858779907e-01 -2.076671421527862549e-01 -7.540801167488098145e-01 4.055269062519073486e-02 3.503816127777099609e-01 1.936571598052978516e-01 -6.495768576860427856e-02
-3.106405436992645264e-01 -4.359616339206695557e-01 1.732191890478134155e-01 -2.350781261920928955e-01 4.148088991641998291e-01 -4.164339900016784668e-01 -5.864533185958862305e-01 -5.899200215935707092e-02 3.359957039356231689e-01 2.801507413387298584e-01
3.246763348579406738e-01 2.344959527254104614e-01 1.636776179075241089e-01 -3.534126579761505127e-01 -3.429130315780639648e-01 -5.012456178665161133e-01 4.076644480228424072e-01 -7.529419064521789551e-01 8.218066394329071045e-02 4.375168085098266602e-01
4.157609343528747559e-01 3.247893750667572021e-01 4.540374279022216797e-01 -3.138037025928497314e-01 -2.171762734651565552e-01 1.436001360416412354e-01 -3.878862857818603516e-01 4.129367172718048096e-01 -1.114075422286987305e+00 1.471509486436843872e-01
-5.777323842048645020e-01 3.843851387500762939e-01 -2.838601917028427124e-02 -1.100143313407897949e+00 5.042053461074829102e-01 -3.837654292583465576e-01 -3.841204345226287842e-01 2.252428531646728516e-01 1.333803385496139526e-01 -2.752482891082763672e-01
-7.577849924564361572e-02 -7.026998400688171387e-01 -1.271645307540893555e+00 1.837018877267837524e-01 3.101950325071811676e-02 6.111095547676086426e-01 6.420253217220306396e-02 -1.754037439823150635e-01 1.274565309286117554e-01 4.221989512443542480e-01
3.074169158935546875e-01 1.129879280924797058e-01 -5.007300376892089844e-01 3.490494787693023682e-01 -5.665256381034851074e-01 1.973725110292434692e-01 -2.893188036978244781e-02 -1.084076091647148132e-01 3.607839643955230713e-01 2.028080374002456665e-01
-5.669269561767578125e-01 2.811566554009914398e-02 5.684050917625427246e-01 2.021930515766143799e-01 -6.707242727279663086e-01 -3.897253274917602539e-01 -7.707011103630065918e-01 1.705449670553207397e-01 -4.863240569829940796e-02 -1.387961864471435547e+00
-1.653319120407104492e+00 -1.228263080120086670e-01 -9.026579260826110840e-01 5.189894437789916992e-01 1.783407777547836304e-01 5.150032043457031250e-01 -1.512192130088806152e+00 -6.059358119964599609e-01 -9.702128767967224121e-01 3.173199892044067383e-01
-3.444435596466064453e-01 2.251211553812026978e-01 2.558533847332000732e-01 1.174785494804382324e-01 -4.783608615398406982e-01 -2.311732470989227295e-01 -3.029283285140991211e-01 -5.378691554069519043e-01 -3.454650985077023506e-03 -9.723099321126937866e-02
-2.698574960231781006e-01 6.447799801826477051e-01 -6.366738677024841309e-02 2.809383273124694824e-01 6.413457989692687988e-01 -3.016233444213867188e-01 -5.571442842483520508e-01 2.068254798650741577e-01 -3.946435749530792236e-01 1.422131508588790894e-01
3.560550138354301453e-02 -3.928673863410949707e-01 2.154757231473922729e-01 -1.449127048254013062e-01 -3.651438355445861816e-01 -2.417787313461303711e-01 -1.017125368118286133e+00 4.479062557220458984e-01 -4.137223958969116211e-01 1.896897852420806885e-01
2.913182973861694336e-01 -3.115547895431518555e-01 -1.615121662616729736e-01 -8.115362375974655151e-02 -2.381195873022079468e-01 -1.808796823024749756e-01 -4.034120216965675354e-02 2.405508160591125488e-01 -1.995392888784408569e-01 1.841123700141906738e-01
3.126546442508697510e-01 6.206319928169250488e-01 4.411716163158416748e-01 3.187927603721618652e-02 -6.416771411895751953e-01 7.543035745620727539e-01 -1.091969758272171021e-01 -4.426857829093933105e-01 -6.728935837745666504e-01 -5.276372432708740234e-01
1.685488522052764893e-01 -1.296842217445373535e+00 -2.900267839431762695e-01 -2.002891451120376587e-01 -3.931353688240051270e-01 -3.024351596832275391e-01 3.908707201480865479e-02 1.989861391484737396e-02 -2.011885643005371094e-01 2.960697412490844727e-01
1.295320242643356323e-01 -2.652111276984214783e-02 4.914846122264862061e-01 3.685210943222045898e-01 -9.002708792686462402e-01 -4.735916852951049805e-01 -1.147094368934631348e+00 6.282826662063598633e-01 -3.926993310451507568e-01 -2.382378876209259033e-01
-1.228176429867744446e-01 7.089767456054687500e-01 3.771953880786895752e-01 -8.689929246902465820e-01 4.068931341171264648e-01 -4.990294575691223145e-01 2.417556345462799072e-01 4.030070602893829346e-01 -4.839958548545837402e-01 -2.241566926240921021e-01
6.755773723125457764e-02 -6.869444251060485840e-01 -4.602828919887542725e-01 -8.370124101638793945e-01 6.244683265686035156e-01 3.911116421222686768e-01 4.246401786804199219e-01 1.846485286951065063e-01 7.185215596109628677e-03 -4.676125347614288330e-01
-4.321596026420593262e-01 4.121211767196655273e-01 5.262492299079895020e-01 -2.078465521335601807e-01 3.907793164253234863e-01 3.284471333026885986e-01 1.856679320335388184e-01 -7.274497747421264648e-01 -2.200229465961456299e-01 -5.845050215721130371e-01
-7.541693001985549927e-02 1.197250410914421082e-01 -1.317855119705200195e-01 -1.404626071453094482e-01 -1.696990728378295898e-01 -1.026562452316284180e+00 -5.863090753555297852e-01 -3.349965214729309082e-01 -5.186029709875583649e-03 3.726625442504882812e-01
-4.843250215053558350e-01 3.006402850151062012e-01 -2.361144870519638062e-01 1.298201233148574829e-01 -1.328125894069671631e-01 -1.803313493728637695e-01 -6.949009299278259277e-01 2.473459541797637939e-01 2.589488923549652100e-01 2.630256414413452148e-01
-3.994519710540771484e-01 3.623993992805480957e-01 -1.876296997070312500e-01 -3.153641819953918457e-01 -8.292891979217529297e-01 9.398332238197326660e-01 -5.477674305438995361e-02 5.263665914535522461e-01 -5.113543197512626648e-02 -2.828646898269653320e-01
6.579451560974121094e-01 -1.053397655487060547e+00 6.505631208419799805e-01 -2.708177268505096436e-01 -4.029688835144042969e-01 -6.943923830986022949e-01 6.007190793752670288e-02 6.874262541532516479e-02 3.728393316268920898e-01 4.547926783561706543e-01
-4.828712940216064453e-01 -8.890119791030883789e-01 -2.692753076553344727e-01 -4.945418238639831543e-01 8.300647884607315063e-02 5.045085549354553223e-01 2.570755220949649811e-02 -7.443341016769409180e-01 5.911058187484741211e-01 2.287659049034118652e-02
1.759381741285324097e-01 9.980314970016479492e-01 -6.725513339042663574e-01 -3.478592336177825928e-01 -9.815056622028350830e-02 -4.765653908252716064e-01 2.743532359600067139e-01 6.253026723861694336e-01 -7.627918124198913574e-01 -7.776744961738586426e-01
-3.681028187274932861e-01 8.060327917337417603e-02 2.737693786621093750e-01 5.073063969612121582e-01 -2.853824384510517120e-02 -9.291891455650329590e-01 5.971290469169616699e-01 4.346430301666259766e-01 2.612676098942756653e-02 -5.372996926307678223e-01
2.466604411602020264e-01 3.539387881755828857e-01 -5.762201547622680664e-01 -4.197536706924438477e-01 4.545428454875946045e-01 -4.157883524894714355e-01 -8.488606661558151245e-02 3.672772645950317383e-02 -9.960842728614807129e-01 3.331832885742187500e-01
1.382358223199844360e-01 -6.244713664054870605e-01 7.512414455413818359e-02 6.500115394592285156e-01 1.005774363875389099e-01 -4.545648396015167236e-02 3.685483038425445557e-01 2.579264938831329346e-01 -4.709021449089050293e-01 -6.283592581748962402e-01
2.133201062679290771e-02 7.281939387321472168e-01 -5.319207310676574707e-01 -5.071657896041870117e-01 1.788055598735809326e-01 -4.677872359752655029e-01 5.494480133056640625e-01 -2.449903786182403564e-01 -7.786086797714233398e-01 -5.316263064742088318e-02
1.242101490497589111e-01 -6.680106371641159058e-02 -1.699949353933334351e-01 2.486931085586547852e-01 -9.745311737060546875e-01 1.769003272056579590e-01 9.802825003862380981e-02 -7.342965602874755859e-01 5.522975232452154160e-03 8.688093721866607666e-02
2.903802692890167236e-01 -6.973420828580856323e-02 -5.771902576088905334e-02 -5.287239551544189453e-01 7.207222282886505127e-02 -4.821486771106719971e-02 1.988613754510879517e-01 -3.011054396629333496e-01 2.732798159122467041e-01 -4.049613475799560547e-01
-1.351068844087421894e-03 5.339420586824417114e-02 -1.872835308313369751e-01 3.254265785217285156e-01 -8.223447203636169434e-01 2.266697436571121216e-01 -2.788104116916656494e-01 -5.065442323684692383e-01 3.594584465026855469e-01 4.159021973609924316e-01
-7.103277444839477539e-01 -9.762656688690185547e-01 -1.992535218596458435e-02 7.465537786483764648e-01 2.654076516628265381e-01 4.345268309116363525e-01 -1.573868840932846069e-01 7.210256904363632202e-02 -3.549841046333312988e-01 3.296974599361419678e-01
-1.015843510627746582e+00 4.573367238044738770e-01 1.645512133836746216e-01 1.740709245204925537e-01 2.094370275735855103e-01 -1.695569306612014771e-01 -2.614543735980987549e-01 -4.058350324630737305e-01 2.619382739067077637e-01 -6.164530292153358459e-02
-3.470982657745480537e-03 -2.126273959875106812e-01 1.751407086849212646e-01 6.860989332199096680e-02 -8.072835206985473633e-01 7.409172058105468750e-01 7.948871850967407227e-01 1.057638004422187805e-01 -1.217362061142921448e-01 1.711924970149993896e-01
