112 198 103 101 226 52 109 165 106 26
141 64 108 114 53 179 142 190 178 117
175 83 182 192 61 95 91 165 86 76
167 86 172 118 165 156 146 148 171 169
113 255 114 118 177 170 105 193 82 121
150 88 136 151 41 178 47 177 101 141
120 131 198 42 147 75 203 184 125 146
74 62 145 185 155 129 123 165 183 174
165 194 98 196 32 140 148 134 128 175
152 156 74 103 135 122 170 207 82 166
128 180 167 137 105 167 145 119 158 47
161 36 141 177 151 131 167 157 90 116
148 18 105 78 168 173 181 85 166 132
166 158 101 129 152 88 167 155 162 178
156 217 134 67 171 151 150 193 158 72
87 90 201 122 78 134 25 177 158 106
192 96 172 110 130 52 65 177 69 157
182 190 171 170 32 157 164 114 129 147
156 64 110 181 84 173 120 103 183 132
81 155 160 179 157 99 71 135 175 107
27 87 44 181 176 193 53 109 104 159
161 172 70 89 190 139 196 110 86 101
149 92 217 123 177 161 156 56 79 153
109 185 171 159 191 2 60 145 126 138
170 136 146 107 131 115 168 160 152 137
156 99 123 160 173 114 174 108 180 113
125 208 82 189 143 21 91 162 70 155
108 131 167 150 0 182 66 174 160 160
156 171 105 81 201 183 103 115 179 148
71 163 164 165 169 168 124 139 168 118
140 156 160 81 137 48 147 143 180 137
172 167 193 155 33 163 178 167 150 13
172 142 14 124 156 178 179 101 123 177
103 181 65 77 134 223 123 187 112 117
167 99 139 153 12 188 184 68 111 107
68 135 128 194 115 86 144 179 65 144
87 183 177 144 91 123 181 228 109 0
170 27 98 153 98 168 104 140 152 173
193 127 146 72 173 55 108 176 125 180
84 127 145 170 136 125 64 99 164 187
46 179 150 102 176 167 91 103 159 171
153 171 172 154 107 156 187 89 176 147
82 93 107 167 155 162 112 112 161 164
152 166 179 51 134 96 143 112 177 11
109 200 140 132 167 185 147 169 43 168
41 84 149 140 84 187 191 102 73 185
146 82 105 134 86 123 20 122 139 137
166 134 182 134 194 107 90 121 54 171
